[2023/2/9] 16h:26m:7s
Longitude : -120.66108709999999
Latitude : 35.3001109

[2023/2/9] 16h:26m:13s
Longitude : -120.66108399999999
Latitude : 35.300111099999995

